static immutable int[] IcoSphere3_LevelIndeces = [ 0, 5, 20, 45, 80, 120, 160, 200, 240, 275, 300, 315 ];

static immutable vec3[] IcoSphere3_Positions = [ vec3(0.251147, 0.967949, 0), vec3(0.077607, 0.96795, -0.238853), vec3(0, 1, 0), vec3(0.077607, 0.96795, -0.238853), vec3(-0.203181, 0.96795, -0.147618), 
	vec3(0, 1, 0), vec3(-0.203181, 0.96795, -0.147618), vec3(-0.203181, 0.96795, 0.147618), vec3(0, 1, 0), vec3(-0.203181, 0.96795, 0.147618), 
	vec3(0.077607, 0.96795, 0.238853), vec3(0, 1, 0), vec3(0.077607, 0.96795, 0.238853), vec3(0.251147, 0.967949, 0), vec3(0, 1, 0), 
	vec3(0.251147, 0.967949, 0), vec3(0.3618, 0.894429, -0.262863), vec3(0.077607, 0.96795, -0.238853), vec3(0.3618, 0.894429, -0.262863), vec3(0.162456, 0.850654, -0.499995), 
	vec3(0.077607, 0.96795, -0.238853), vec3(0.162456, 0.850654, -0.499995), vec3(-0.138197, 0.89443, -0.425319), vec3(0.077607, 0.96795, -0.238853), vec3(0.077607, 0.96795, -0.238853), 
	vec3(-0.138197, 0.89443, -0.425319), vec3(-0.203181, 0.96795, -0.147618), vec3(-0.138197, 0.89443, -0.425319), vec3(-0.425323, 0.850654, -0.309011), vec3(-0.203181, 0.96795, -0.147618), 
	vec3(-0.425323, 0.850654, -0.309011), vec3(-0.44721, 0.894429, 0), vec3(-0.203181, 0.96795, -0.147618), vec3(-0.203181, 0.96795, -0.147618), vec3(-0.44721, 0.894429, 0), 
	vec3(-0.203181, 0.96795, 0.147618), vec3(-0.44721, 0.894429, 0), vec3(-0.425323, 0.850654, 0.309011), vec3(-0.203181, 0.96795, 0.147618), vec3(-0.425323, 0.850654, 0.309011), 
	vec3(-0.138197, 0.89443, 0.425319), vec3(-0.203181, 0.96795, 0.147618), vec3(-0.203181, 0.96795, 0.147618), vec3(-0.138197, 0.89443, 0.425319), vec3(0.077607, 0.96795, 0.238853), 
	vec3(-0.138197, 0.89443, 0.425319), vec3(0.162456, 0.850654, 0.499995), vec3(0.077607, 0.96795, 0.238853), vec3(0.162456, 0.850654, 0.499995), vec3(0.3618, 0.894429, 0.262863), 
	vec3(0.077607, 0.96795, 0.238853), vec3(0.077607, 0.96795, 0.238853), vec3(0.3618, 0.894429, 0.262863), vec3(0.251147, 0.967949, 0), vec3(0.3618, 0.894429, 0.262863), 
	vec3(0.52573, 0.850652, 0), vec3(0.251147, 0.967949, 0), vec3(0.52573, 0.850652, 0), vec3(0.3618, 0.894429, -0.262863), vec3(0.251147, 0.967949, 0), 
	vec3(0.638194, 0.72361, -0.262864), vec3(0.447209, 0.723612, -0.525728), vec3(0.3618, 0.894429, -0.262863), vec3(0.3618, 0.894429, -0.262863), vec3(0.447209, 0.723612, -0.525728), 
	vec3(0.162456, 0.850654, -0.499995), vec3(0.447209, 0.723612, -0.525728), vec3(0.232822, 0.657519, -0.716563), vec3(0.162456, 0.850654, -0.499995), vec3(0.232822, 0.657519, -0.716563), 
	vec3(-0.05279, 0.723612, -0.688185), vec3(0.162456, 0.850654, -0.499995), vec3(0.162456, 0.850654, -0.499995), vec3(-0.05279, 0.723612, -0.688185), vec3(-0.138197, 0.89443, -0.425319), 
	vec3(-0.05279, 0.723612, -0.688185), vec3(-0.361804, 0.723612, -0.587778), vec3(-0.138197, 0.89443, -0.425319), vec3(-0.138197, 0.89443, -0.425319), vec3(-0.361804, 0.723612, -0.587778), 
	vec3(-0.425323, 0.850654, -0.309011), vec3(-0.361804, 0.723612, -0.587778), vec3(-0.609547, 0.657519, -0.442856), vec3(-0.425323, 0.850654, -0.309011), vec3(-0.609547, 0.657519, -0.442856), 
	vec3(-0.670817, 0.723611, -0.162457), vec3(-0.425323, 0.850654, -0.309011), vec3(-0.425323, 0.850654, -0.309011), vec3(-0.670817, 0.723611, -0.162457), vec3(-0.44721, 0.894429, 0), 
	vec3(-0.670817, 0.723611, -0.162457), vec3(-0.670817, 0.723611, 0.162457), vec3(-0.44721, 0.894429, 0), vec3(-0.44721, 0.894429, 0), vec3(-0.670817, 0.723611, 0.162457), 
	vec3(-0.425323, 0.850654, 0.309011), vec3(-0.670817, 0.723611, 0.162457), vec3(-0.609547, 0.657519, 0.442856), vec3(-0.425323, 0.850654, 0.309011), vec3(-0.609547, 0.657519, 0.442856), 
	vec3(-0.361804, 0.723612, 0.587778), vec3(-0.425323, 0.850654, 0.309011), vec3(-0.425323, 0.850654, 0.309011), vec3(-0.361804, 0.723612, 0.587778), vec3(-0.138197, 0.89443, 0.425319), 
	vec3(-0.361804, 0.723612, 0.587778), vec3(-0.05279, 0.723612, 0.688185), vec3(-0.138197, 0.89443, 0.425319), vec3(-0.138197, 0.89443, 0.425319), vec3(-0.05279, 0.723612, 0.688185), 
	vec3(0.162456, 0.850654, 0.499995), vec3(-0.05279, 0.723612, 0.688185), vec3(0.232822, 0.657519, 0.716563), vec3(0.162456, 0.850654, 0.499995), vec3(0.232822, 0.657519, 0.716563), 
	vec3(0.447209, 0.723612, 0.525728), vec3(0.162456, 0.850654, 0.499995), vec3(0.162456, 0.850654, 0.499995), vec3(0.447209, 0.723612, 0.525728), vec3(0.3618, 0.894429, 0.262863), 
	vec3(0.447209, 0.723612, 0.525728), vec3(0.638194, 0.72361, 0.262864), vec3(0.3618, 0.894429, 0.262863), vec3(0.3618, 0.894429, 0.262863), vec3(0.638194, 0.72361, 0.262864), 
	vec3(0.52573, 0.850652, 0), vec3(0.638194, 0.72361, 0.262864), vec3(0.753442, 0.657515, 0), vec3(0.52573, 0.850652, 0), vec3(0.753442, 0.657515, 0), 
	vec3(0.638194, 0.72361, -0.262864), vec3(0.52573, 0.850652, 0), vec3(0.52573, 0.850652, 0), vec3(0.638194, 0.72361, -0.262864), vec3(0.3618, 0.894429, -0.262863), 
	vec3(0.638194, 0.72361, -0.262864), vec3(0.688189, 0.525736, -0.499997), vec3(0.447209, 0.723612, -0.525728), vec3(0.688189, 0.525736, -0.499997), vec3(0.483971, 0.502302, -0.716565), 
	vec3(0.447209, 0.723612, -0.525728), vec3(0.447209, 0.723612, -0.525728), vec3(0.483971, 0.502302, -0.716565), vec3(0.232822, 0.657519, -0.716563), vec3(0.483971, 0.502302, -0.716565), 
	vec3(0.276388, 0.44722, -0.850649), vec3(0.232822, 0.657519, -0.716563), vec3(0.276388, 0.44722, -0.850649), vec3(0.029639, 0.502302, -0.864184), vec3(0.232822, 0.657519, -0.716563), 
	vec3(0.232822, 0.657519, -0.716563), vec3(0.029639, 0.502302, -0.864184), vec3(-0.05279, 0.723612, -0.688185), vec3(0.029639, 0.502302, -0.864184), vec3(-0.262869, 0.525738, -0.809012), 
	vec3(-0.05279, 0.723612, -0.688185), vec3(-0.05279, 0.723612, -0.688185), vec3(-0.262869, 0.525738, -0.809012), vec3(-0.361804, 0.723612, -0.587778), vec3(-0.262869, 0.525738, -0.809012), 
	vec3(-0.531941, 0.502302, -0.681712), vec3(-0.361804, 0.723612, -0.587778), vec3(-0.361804, 0.723612, -0.587778), vec3(-0.531941, 0.502302, -0.681712), vec3(-0.609547, 0.657519, -0.442856), 
	vec3(-0.531941, 0.502302, -0.681712), vec3(-0.723607, 0.44722, -0.525725), vec3(-0.609547, 0.657519, -0.442856), vec3(-0.723607, 0.44722, -0.525725), vec3(-0.812729, 0.502301, -0.295238), 
	vec3(-0.609547, 0.657519, -0.442856), vec3(-0.609547, 0.657519, -0.442856), vec3(-0.812729, 0.502301, -0.295238), vec3(-0.670817, 0.723611, -0.162457), vec3(-0.812729, 0.502301, -0.295238), 
	vec3(-0.850648, 0.525736, 0), vec3(-0.670817, 0.723611, -0.162457), vec3(-0.670817, 0.723611, -0.162457), vec3(-0.850648, 0.525736, 0), vec3(-0.670817, 0.723611, 0.162457), 
	vec3(-0.850648, 0.525736, 0), vec3(-0.812729, 0.502301, 0.295238), vec3(-0.670817, 0.723611, 0.162457), vec3(-0.670817, 0.723611, 0.162457), vec3(-0.812729, 0.502301, 0.295238), 
	vec3(-0.609547, 0.657519, 0.442856), vec3(-0.812729, 0.502301, 0.295238), vec3(-0.723607, 0.44722, 0.525725), vec3(-0.609547, 0.657519, 0.442856), vec3(-0.723607, 0.44722, 0.525725), 
	vec3(-0.531941, 0.502302, 0.681712), vec3(-0.609547, 0.657519, 0.442856), vec3(-0.609547, 0.657519, 0.442856), vec3(-0.531941, 0.502302, 0.681712), vec3(-0.361804, 0.723612, 0.587778), 
	vec3(-0.531941, 0.502302, 0.681712), vec3(-0.262869, 0.525738, 0.809012), vec3(-0.361804, 0.723612, 0.587778), vec3(-0.361804, 0.723612, 0.587778), vec3(-0.262869, 0.525738, 0.809012), 
	vec3(-0.05279, 0.723612, 0.688185), vec3(-0.262869, 0.525738, 0.809012), vec3(0.029639, 0.502302, 0.864184), vec3(-0.05279, 0.723612, 0.688185), vec3(-0.05279, 0.723612, 0.688185), 
	vec3(0.029639, 0.502302, 0.864184), vec3(0.232822, 0.657519, 0.716563), vec3(0.029639, 0.502302, 0.864184), vec3(0.276388, 0.44722, 0.850649), vec3(0.232822, 0.657519, 0.716563), 
	vec3(0.276388, 0.44722, 0.850649), vec3(0.483971, 0.502302, 0.716565), vec3(0.232822, 0.657519, 0.716563), vec3(0.232822, 0.657519, 0.716563), vec3(0.483971, 0.502302, 0.716565), 
	vec3(0.447209, 0.723612, 0.525728), vec3(0.483971, 0.502302, 0.716565), vec3(0.688189, 0.525736, 0.499997), vec3(0.447209, 0.723612, 0.525728), vec3(0.447209, 0.723612, 0.525728), 
	vec3(0.688189, 0.525736, 0.499997), vec3(0.638194, 0.72361, 0.262864), vec3(0.688189, 0.525736, 0.499997), vec3(0.831051, 0.502299, 0.238853), vec3(0.638194, 0.72361, 0.262864), 
	vec3(0.638194, 0.72361, 0.262864), vec3(0.831051, 0.502299, 0.238853), vec3(0.753442, 0.657515, 0), vec3(0.831051, 0.502299, 0.238853), vec3(0.894426, 0.447216, 0), 
	vec3(0.753442, 0.657515, 0), vec3(0.894426, 0.447216, 0), vec3(0.831051, 0.502299, -0.238853), vec3(0.753442, 0.657515, 0), vec3(0.753442, 0.657515, 0), 
	vec3(0.831051, 0.502299, -0.238853), vec3(0.638194, 0.72361, -0.262864), vec3(0.831051, 0.502299, -0.238853), vec3(0.688189, 0.525736, -0.499997), vec3(0.638194, 0.72361, -0.262864), 
	vec3(0.861804, 0.276396, -0.425322), vec3(0.670821, 0.276397, -0.688189), vec3(0.688189, 0.525736, -0.499997), vec3(0.688189, 0.525736, -0.499997), vec3(0.670821, 0.276397, -0.688189), 
	vec3(0.483971, 0.502302, -0.716565), vec3(0.670821, 0.276397, -0.688189), vec3(0.436007, 0.251152, -0.864188), vec3(0.483971, 0.502302, -0.716565), vec3(0.483971, 0.502302, -0.716565), 
	vec3(0.436007, 0.251152, -0.864188), vec3(0.276388, 0.44722, -0.850649), vec3(0.436007, 0.251152, -0.864188), vec3(0.155215, 0.251152, -0.955422), vec3(0.276388, 0.44722, -0.850649), 
	vec3(0.276388, 0.44722, -0.850649), vec3(0.155215, 0.251152, -0.955422), vec3(0.029639, 0.502302, -0.864184), vec3(0.155215, 0.251152, -0.955422), vec3(-0.138199, 0.276397, -0.951055), 
	vec3(0.029639, 0.502302, -0.864184), vec3(0.029639, 0.502302, -0.864184), vec3(-0.138199, 0.276397, -0.951055), vec3(-0.262869, 0.525738, -0.809012), vec3(-0.138199, 0.276397, -0.951055), 
	vec3(-0.447215, 0.276397, -0.850649), vec3(-0.262869, 0.525738, -0.809012), vec3(-0.262869, 0.525738, -0.809012), vec3(-0.447215, 0.276397, -0.850649), vec3(-0.531941, 0.502302, -0.681712), 
	vec3(-0.447215, 0.276397, -0.850649), vec3(-0.687159, 0.251152, -0.681715), vec3(-0.531941, 0.502302, -0.681712), vec3(-0.531941, 0.502302, -0.681712), vec3(-0.687159, 0.251152, -0.681715), 
	vec3(-0.723607, 0.44722, -0.525725), vec3(-0.687159, 0.251152, -0.681715), vec3(-0.860698, 0.251151, -0.442858), vec3(-0.723607, 0.44722, -0.525725), vec3(-0.723607, 0.44722, -0.525725), 
	vec3(-0.860698, 0.251151, -0.442858), vec3(-0.812729, 0.502301, -0.295238), vec3(-0.860698, 0.251151, -0.442858), vec3(-0.947213, 0.276396, -0.162458), vec3(-0.812729, 0.502301, -0.295238), 
	vec3(-0.812729, 0.502301, -0.295238), vec3(-0.947213, 0.276396, -0.162458), vec3(-0.850648, 0.525736, 0), vec3(-0.947213, 0.276396, -0.162458), vec3(-0.947213, 0.276397, 0.162458), 
	vec3(-0.850648, 0.525736, 0), vec3(-0.850648, 0.525736, 0), vec3(-0.947213, 0.276397, 0.162458), vec3(-0.812729, 0.502301, 0.295238), vec3(-0.947213, 0.276397, 0.162458), 
	vec3(-0.860698, 0.251151, 0.442858), vec3(-0.812729, 0.502301, 0.295238), vec3(-0.812729, 0.502301, 0.295238), vec3(-0.860698, 0.251151, 0.442858), vec3(-0.723607, 0.44722, 0.525725), 
	vec3(-0.860698, 0.251151, 0.442858), vec3(-0.687159, 0.251152, 0.681715), vec3(-0.723607, 0.44722, 0.525725), vec3(-0.723607, 0.44722, 0.525725), vec3(-0.687159, 0.251152, 0.681715), 
	vec3(-0.531941, 0.502302, 0.681712), vec3(-0.687159, 0.251152, 0.681715), vec3(-0.447216, 0.276397, 0.850648), vec3(-0.531941, 0.502302, 0.681712), vec3(-0.531941, 0.502302, 0.681712), 
	vec3(-0.447216, 0.276397, 0.850648), vec3(-0.262869, 0.525738, 0.809012), vec3(-0.447216, 0.276397, 0.850648), vec3(-0.138199, 0.276397, 0.951055), vec3(-0.262869, 0.525738, 0.809012), 
	vec3(-0.262869, 0.525738, 0.809012), vec3(-0.138199, 0.276397, 0.951055), vec3(0.029639, 0.502302, 0.864184), vec3(-0.138199, 0.276397, 0.951055), vec3(0.155215, 0.251152, 0.955422), 
	vec3(0.029639, 0.502302, 0.864184), vec3(0.029639, 0.502302, 0.864184), vec3(0.155215, 0.251152, 0.955422), vec3(0.276388, 0.44722, 0.850649), vec3(0.155215, 0.251152, 0.955422), 
	vec3(0.436007, 0.251152, 0.864188), vec3(0.276388, 0.44722, 0.850649), vec3(0.276388, 0.44722, 0.850649), vec3(0.436007, 0.251152, 0.864188), vec3(0.483971, 0.502302, 0.716565), 
	vec3(0.436007, 0.251152, 0.864188), vec3(0.67082, 0.276396, 0.68819), vec3(0.483971, 0.502302, 0.716565), vec3(0.483971, 0.502302, 0.716565), vec3(0.67082, 0.276396, 0.68819), 
	vec3(0.688189, 0.525736, 0.499997), vec3(0.67082, 0.276396, 0.68819), vec3(0.861804, 0.276394, 0.425323), vec3(0.688189, 0.525736, 0.499997), vec3(0.688189, 0.525736, 0.499997), 
	vec3(0.861804, 0.276394, 0.425323), vec3(0.831051, 0.502299, 0.238853), vec3(0.861804, 0.276394, 0.425323), vec3(0.956626, 0.251149, 0.147618), vec3(0.831051, 0.502299, 0.238853), 
	vec3(0.831051, 0.502299, 0.238853), vec3(0.956626, 0.251149, 0.147618), vec3(0.894426, 0.447216, 0), vec3(0.956626, 0.251149, 0.147618), vec3(0.956626, 0.251149, -0.147618), 
	vec3(0.894426, 0.447216, 0), vec3(0.894426, 0.447216, 0), vec3(0.956626, 0.251149, -0.147618), vec3(0.831051, 0.502299, -0.238853), vec3(0.956626, 0.251149, -0.147618), 
	vec3(0.861804, 0.276396, -0.425322), vec3(0.831051, 0.502299, -0.238853), vec3(0.831051, 0.502299, -0.238853), vec3(0.861804, 0.276396, -0.425322), vec3(0.688189, 0.525736, -0.499997), 
	vec3(0.861804, 0.276396, -0.425322), vec3(0.809019, 0, -0.587782), vec3(0.670821, 0.276397, -0.688189), vec3(0.809019, 0, -0.587782), vec3(0.587786, -0, -0.809017), 
	vec3(0.670821, 0.276397, -0.688189), vec3(0.670821, 0.276397, -0.688189), vec3(0.587786, -0, -0.809017), vec3(0.436007, 0.251152, -0.864188), vec3(0.587786, -0, -0.809017), 
	vec3(0.309017, -0, -0.951056), vec3(0.436007, 0.251152, -0.864188), vec3(0.436007, 0.251152, -0.864188), vec3(0.309017, -0, -0.951056), vec3(0.155215, 0.251152, -0.955422), 
	vec3(0.309017, -0, -0.951056), vec3(0, 0, -1), vec3(0.155215, 0.251152, -0.955422), vec3(0.155215, 0.251152, -0.955422), vec3(0, 0, -1), 
	vec3(-0.138199, 0.276397, -0.951055), vec3(0, 0, -1), vec3(-0.309016, -0, -0.951057), vec3(-0.138199, 0.276397, -0.951055), vec3(-0.138199, 0.276397, -0.951055), 
	vec3(-0.309016, -0, -0.951057), vec3(-0.447215, 0.276397, -0.850649), vec3(-0.309016, -0, -0.951057), vec3(-0.587786, -0, -0.809017), vec3(-0.447215, 0.276397, -0.850649), 
	vec3(-0.447215, 0.276397, -0.850649), vec3(-0.587786, -0, -0.809017), vec3(-0.687159, 0.251152, -0.681715), vec3(-0.587786, -0, -0.809017), vec3(-0.809018, -0, -0.587783), 
	vec3(-0.687159, 0.251152, -0.681715), vec3(-0.687159, 0.251152, -0.681715), vec3(-0.809018, -0, -0.587783), vec3(-0.860698, 0.251151, -0.442858), vec3(-0.809018, -0, -0.587783), 
	vec3(-0.951058, 0, -0.309013), vec3(-0.860698, 0.251151, -0.442858), vec3(-0.860698, 0.251151, -0.442858), vec3(-0.951058, 0, -0.309013), vec3(-0.947213, 0.276396, -0.162458), 
	vec3(-0.951058, 0, -0.309013), vec3(-1, 1e-06, 0), vec3(-0.947213, 0.276396, -0.162458), vec3(-0.947213, 0.276396, -0.162458), vec3(-1, 1e-06, 0), 
	vec3(-0.947213, 0.276397, 0.162458), vec3(-1, 1e-06, 0), vec3(-0.951058, -0, 0.309013), vec3(-0.947213, 0.276397, 0.162458), vec3(-0.947213, 0.276397, 0.162458), 
	vec3(-0.951058, -0, 0.309013), vec3(-0.860698, 0.251151, 0.442858), vec3(-0.951058, -0, 0.309013), vec3(-0.809018, 0, 0.587783), vec3(-0.860698, 0.251151, 0.442858), 
	vec3(-0.860698, 0.251151, 0.442858), vec3(-0.809018, 0, 0.587783), vec3(-0.687159, 0.251152, 0.681715), vec3(-0.809018, 0, 0.587783), vec3(-0.587786, 0, 0.809017), 
	vec3(-0.687159, 0.251152, 0.681715), vec3(-0.687159, 0.251152, 0.681715), vec3(-0.587786, 0, 0.809017), vec3(-0.447216, 0.276397, 0.850648), vec3(-0.587786, 0, 0.809017), 
	vec3(-0.309017, -1e-06, 0.951056), vec3(-0.447216, 0.276397, 0.850648), vec3(-0.447216, 0.276397, 0.850648), vec3(-0.309017, -1e-06, 0.951056), vec3(-0.138199, 0.276397, 0.951055), 
	vec3(-0.309017, -1e-06, 0.951056), vec3(0, -0, 1), vec3(-0.138199, 0.276397, 0.951055), vec3(-0.138199, 0.276397, 0.951055), vec3(0, -0, 1), 
	vec3(0.155215, 0.251152, 0.955422), vec3(0, -0, 1), vec3(0.309017, 0, 0.951056), vec3(0.155215, 0.251152, 0.955422), vec3(0.155215, 0.251152, 0.955422), 
	vec3(0.309017, 0, 0.951056), vec3(0.436007, 0.251152, 0.864188), vec3(0.309017, 0, 0.951056), vec3(0.587786, 0, 0.809017), vec3(0.436007, 0.251152, 0.864188), 
	vec3(0.436007, 0.251152, 0.864188), vec3(0.587786, 0, 0.809017), vec3(0.67082, 0.276396, 0.68819), vec3(0.587786, 0, 0.809017), vec3(0.809019, -2e-06, 0.587783), 
	vec3(0.67082, 0.276396, 0.68819), vec3(0.67082, 0.276396, 0.68819), vec3(0.809019, -2e-06, 0.587783), vec3(0.861804, 0.276394, 0.425323), vec3(0.809019, -2e-06, 0.587783), 
	vec3(0.951058, -0, 0.309013), vec3(0.861804, 0.276394, 0.425323), vec3(0.861804, 0.276394, 0.425323), vec3(0.951058, -0, 0.309013), vec3(0.956626, 0.251149, 0.147618), 
	vec3(0.951058, -0, 0.309013), vec3(1, 0, 0), vec3(0.956626, 0.251149, 0.147618), vec3(0.956626, 0.251149, 0.147618), vec3(1, 0, 0), 
	vec3(0.956626, 0.251149, -0.147618), vec3(1, 0, 0), vec3(0.951058, 0, -0.309013), vec3(0.956626, 0.251149, -0.147618), vec3(0.956626, 0.251149, -0.147618), 
	vec3(0.951058, 0, -0.309013), vec3(0.861804, 0.276396, -0.425322), vec3(0.951058, 0, -0.309013), vec3(0.809019, 0, -0.587782), vec3(0.861804, 0.276396, -0.425322) ];

static immutable vec3[] IcoSphere3_Normals = [ vec3(0.1261, 0.9878, -0.0916), vec3(0.1261, 0.9878, -0.0916), vec3(0.1261, 0.9878, -0.0916), vec3(-0.0482, 0.9878, -0.1482), vec3(-0.0482, 0.9878, -0.1482), 
	vec3(-0.0482, 0.9878, -0.1482), vec3(-0.1558, 0.9878, 0), vec3(-0.1558, 0.9878, 0), vec3(-0.1558, 0.9878, 0), vec3(-0.0482, 0.9878, 0.1482), 
	vec3(-0.0482, 0.9878, 0.1482), vec3(-0.0482, 0.9878, 0.1482), vec3(0.1261, 0.9878, 0.0916), vec3(0.1261, 0.9878, 0.0916), vec3(0.1261, 0.9878, 0.0916), 
	vec3(0.2334, 0.9575, -0.1696), vec3(0.2334, 0.9575, -0.1696), vec3(0.2334, 0.9575, -0.1696), vec3(0.2079, 0.9158, -0.3438), vec3(0.2079, 0.9158, -0.3438), 
	vec3(0.2079, 0.9158, -0.3438), vec3(0.0339, 0.9158, -0.4003), vec3(0.0339, 0.9158, -0.4003), vec3(0.0339, 0.9158, -0.4003), vec3(-0.0891, 0.9575, -0.2743), 
	vec3(-0.0891, 0.9575, -0.2743), vec3(-0.0891, 0.9575, -0.2743), vec3(-0.2627, 0.9158, -0.3039), vec3(-0.2627, 0.9158, -0.3039), vec3(-0.2627, 0.9158, -0.3039), 
	vec3(-0.3702, 0.9158, -0.156), vec3(-0.3702, 0.9158, -0.156), vec3(-0.3702, 0.9158, -0.156), vec3(-0.2885, 0.9575, 0), vec3(-0.2885, 0.9575, 0), 
	vec3(-0.2885, 0.9575, 0), vec3(-0.3702, 0.9158, 0.156), vec3(-0.3702, 0.9158, 0.156), vec3(-0.3702, 0.9158, 0.156), vec3(-0.2627, 0.9158, 0.3039), 
	vec3(-0.2627, 0.9158, 0.3039), vec3(-0.2627, 0.9158, 0.3039), vec3(-0.0891, 0.9575, 0.2743), vec3(-0.0891, 0.9575, 0.2743), vec3(-0.0891, 0.9575, 0.2743), 
	vec3(0.0339, 0.9158, 0.4003), vec3(0.0339, 0.9158, 0.4003), vec3(0.0339, 0.9158, 0.4003), vec3(0.2079, 0.9158, 0.3438), vec3(0.2079, 0.9158, 0.3438), 
	vec3(0.2079, 0.9158, 0.3438), vec3(0.2334, 0.9575, 0.1696), vec3(0.2334, 0.9575, 0.1696), vec3(0.2334, 0.9575, 0.1696), vec3(0.3912, 0.9158, 0.0915), 
	vec3(0.3912, 0.9158, 0.0915), vec3(0.3912, 0.9158, 0.0915), vec3(0.3912, 0.9158, -0.0914), vec3(0.3912, 0.9158, -0.0914), vec3(0.3912, 0.9158, -0.0914), 
	vec3(0.4911, 0.7947, -0.3568), vec3(0.4911, 0.7947, -0.3568), vec3(0.4911, 0.7947, -0.3568), vec3(0.3338, 0.8363, -0.435), vec3(0.3338, 0.8363, -0.435), 
	vec3(0.3338, 0.8363, -0.435), vec3(0.286, 0.7594, -0.5843), vec3(0.286, 0.7594, -0.5843), vec3(0.286, 0.7594, -0.5843), vec3(0.1121, 0.7594, -0.6409), 
	vec3(0.1121, 0.7594, -0.6409), vec3(0.1121, 0.7594, -0.6409), vec3(-0.0144, 0.8363, -0.5481), vec3(-0.0144, 0.8363, -0.5481), vec3(-0.0144, 0.8363, -0.5481), 
	vec3(-0.1876, 0.7947, -0.5773), vec3(-0.1876, 0.7947, -0.5773), vec3(-0.1876, 0.7947, -0.5773), vec3(-0.3105, 0.8363, -0.4519), vec3(-0.3105, 0.8363, -0.4519), 
	vec3(-0.3105, 0.8363, -0.4519), vec3(-0.4674, 0.7594, -0.4526), vec3(-0.4674, 0.7594, -0.4526), vec3(-0.4674, 0.7594, -0.4526), vec3(-0.5749, 0.7594, -0.3046), 
	vec3(-0.5749, 0.7594, -0.3046), vec3(-0.5749, 0.7594, -0.3046), vec3(-0.5257, 0.8363, -0.1557), vec3(-0.5257, 0.8363, -0.1557), vec3(-0.5257, 0.8363, -0.1557), 
	vec3(-0.6071, 0.7947, 0), vec3(-0.6071, 0.7947, 0), vec3(-0.6071, 0.7947, 0), vec3(-0.5257, 0.8363, 0.1557), vec3(-0.5257, 0.8363, 0.1557), 
	vec3(-0.5257, 0.8363, 0.1557), vec3(-0.5749, 0.7594, 0.3046), vec3(-0.5749, 0.7594, 0.3046), vec3(-0.5749, 0.7594, 0.3046), vec3(-0.4674, 0.7594, 0.4526), 
	vec3(-0.4674, 0.7594, 0.4526), vec3(-0.4674, 0.7594, 0.4526), vec3(-0.3105, 0.8363, 0.4519), vec3(-0.3105, 0.8363, 0.4519), vec3(-0.3105, 0.8363, 0.4519), 
	vec3(-0.1876, 0.7947, 0.5773), vec3(-0.1876, 0.7947, 0.5773), vec3(-0.1876, 0.7947, 0.5773), vec3(-0.0144, 0.8363, 0.5481), vec3(-0.0144, 0.8363, 0.5481), 
	vec3(-0.0144, 0.8363, 0.5481), vec3(0.1121, 0.7594, 0.6409), vec3(0.1121, 0.7594, 0.6409), vec3(0.1121, 0.7594, 0.6409), vec3(0.286, 0.7594, 0.5843), 
	vec3(0.286, 0.7594, 0.5843), vec3(0.286, 0.7594, 0.5843), vec3(0.3338, 0.8363, 0.435), vec3(0.3338, 0.8363, 0.435), vec3(0.3338, 0.8363, 0.435), 
	vec3(0.4911, 0.7947, 0.3568), vec3(0.4911, 0.7947, 0.3568), vec3(0.4911, 0.7947, 0.3568), vec3(0.5168, 0.8363, 0.183), vec3(0.5168, 0.8363, 0.183), 
	vec3(0.5168, 0.8363, 0.183), vec3(0.6441, 0.7594, 0.0915), vec3(0.6441, 0.7594, 0.0915), vec3(0.6441, 0.7594, 0.0915), vec3(0.6441, 0.7594, -0.0915), 
	vec3(0.6441, 0.7594, -0.0915), vec3(0.6441, 0.7594, -0.0915), vec3(0.5168, 0.8363, -0.183), vec3(0.5168, 0.8363, -0.183), vec3(0.5168, 0.8363, -0.183), 
	vec3(0.5987, 0.6726, -0.435), vec3(0.5987, 0.6726, -0.435), vec3(0.5987, 0.6726, -0.435), vec3(0.5513, 0.5955, -0.5843), vec3(0.5513, 0.5955, -0.5843), 
	vec3(0.5513, 0.5955, -0.5843), vec3(0.3936, 0.6369, -0.6628), vec3(0.3936, 0.6369, -0.6628), vec3(0.3936, 0.6369, -0.6628), vec3(0.3427, 0.5545, -0.7583), 
	vec3(0.3427, 0.5545, -0.7583), vec3(0.3427, 0.5545, -0.7583), vec3(0.1685, 0.5545, -0.8149), vec3(0.1685, 0.5545, -0.8149), vec3(0.1685, 0.5545, -0.8149), 
	vec3(0.0711, 0.6369, -0.7676), vec3(0.0711, 0.6369, -0.7676), vec3(0.0711, 0.6369, -0.7676), vec3(-0.1026, 0.5955, -0.7968), vec3(-0.1026, 0.5955, -0.7968), 
	vec3(-0.1026, 0.5955, -0.7968), vec3(-0.2287, 0.6726, -0.7038), vec3(-0.2287, 0.6726, -0.7038), vec3(-0.2287, 0.6726, -0.7038), vec3(-0.3854, 0.5955, -0.7049), 
	vec3(-0.3854, 0.5955, -0.7049), vec3(-0.3854, 0.5955, -0.7049), vec3(-0.5087, 0.6369, -0.5792), vec3(-0.5087, 0.6369, -0.5792), vec3(-0.5087, 0.6369, -0.5792), 
	vec3(-0.6153, 0.5545, -0.5603), vec3(-0.6153, 0.5545, -0.5603), vec3(-0.6153, 0.5545, -0.5603), vec3(-0.723, 0.5545, -0.4121), vec3(-0.723, 0.5545, -0.4121), 
	vec3(-0.723, 0.5545, -0.4121), vec3(-0.7081, 0.6369, -0.3049), vec3(-0.7081, 0.6369, -0.3049), vec3(-0.7081, 0.6369, -0.3049), vec3(-0.7895, 0.5955, -0.1487), 
	vec3(-0.7895, 0.5955, -0.1487), vec3(-0.7895, 0.5955, -0.1487), vec3(-0.74, 0.6726, 0), vec3(-0.74, 0.6726, 0), vec3(-0.74, 0.6726, 0), 
	vec3(-0.7895, 0.5955, 0.1487), vec3(-0.7895, 0.5955, 0.1487), vec3(-0.7895, 0.5955, 0.1487), vec3(-0.7081, 0.6369, 0.3049), vec3(-0.7081, 0.6369, 0.3049), 
	vec3(-0.7081, 0.6369, 0.3049), vec3(-0.723, 0.5545, 0.4121), vec3(-0.723, 0.5545, 0.4121), vec3(-0.723, 0.5545, 0.4121), vec3(-0.6153, 0.5545, 0.5603), 
	vec3(-0.6153, 0.5545, 0.5603), vec3(-0.6153, 0.5545, 0.5603), vec3(-0.5087, 0.6369, 0.5792), vec3(-0.5087, 0.6369, 0.5792), vec3(-0.5087, 0.6369, 0.5792), 
	vec3(-0.3854, 0.5955, 0.7049), vec3(-0.3854, 0.5955, 0.7049), vec3(-0.3854, 0.5955, 0.7049), vec3(-0.2287, 0.6726, 0.7038), vec3(-0.2287, 0.6726, 0.7038), 
	vec3(-0.2287, 0.6726, 0.7038), vec3(-0.1026, 0.5955, 0.7968), vec3(-0.1026, 0.5955, 0.7968), vec3(-0.1026, 0.5955, 0.7968), vec3(0.0711, 0.6369, 0.7676), 
	vec3(0.0711, 0.6369, 0.7676), vec3(0.0711, 0.6369, 0.7676), vec3(0.1685, 0.5545, 0.8149), vec3(0.1685, 0.5545, 0.8149), vec3(0.1685, 0.5545, 0.8149), 
	vec3(0.3427, 0.5545, 0.7583), vec3(0.3427, 0.5545, 0.7583), vec3(0.3427, 0.5545, 0.7583), vec3(0.3936, 0.6369, 0.6628), vec3(0.3936, 0.6369, 0.6628), 
	vec3(0.3936, 0.6369, 0.6628), vec3(0.5513, 0.5955, 0.5843), vec3(0.5513, 0.5955, 0.5843), vec3(0.5513, 0.5955, 0.5843), vec3(0.5987, 0.6726, 0.435), 
	vec3(0.5987, 0.6726, 0.435), vec3(0.5987, 0.6726, 0.435), vec3(0.7261, 0.5955, 0.3438), vec3(0.7261, 0.5955, 0.3438), vec3(0.7261, 0.5955, 0.3438), 
	vec3(0.752, 0.6369, 0.1696), vec3(0.752, 0.6369, 0.1696), vec3(0.752, 0.6369, 0.1696), vec3(0.8271, 0.5545, 0.0916), vec3(0.8271, 0.5545, 0.0916), 
	vec3(0.8271, 0.5545, 0.0916), vec3(0.8271, 0.5545, -0.0916), vec3(0.8271, 0.5545, -0.0916), vec3(0.8271, 0.5545, -0.0916), vec3(0.752, 0.6369, -0.1696), 
	vec3(0.752, 0.6369, -0.1696), vec3(0.752, 0.6369, -0.1696), vec3(0.7261, 0.5955, -0.3438), vec3(0.7261, 0.5955, -0.3438), vec3(0.7261, 0.5955, -0.3438), 
	vec3(0.7544, 0.3611, -0.5481), vec3(0.7544, 0.3611, -0.5481), vec3(0.7544, 0.3611, -0.5481), vec3(0.6291, 0.4399, -0.6409), vec3(0.6291, 0.4399, -0.6409), 
	vec3(0.6291, 0.4399, -0.6409), vec3(0.5379, 0.3485, -0.7676), vec3(0.5379, 0.3485, -0.7676), vec3(0.5379, 0.3485, -0.7676), vec3(0.4206, 0.3987, -0.8149), 
	vec3(0.4206, 0.3987, -0.8149), vec3(0.4206, 0.3987, -0.8149), vec3(0.2945, 0.3024, -0.9065), vec3(0.2945, 0.3024, -0.9065), vec3(0.2945, 0.3024, -0.9065), 
	vec3(0.1387, 0.3987, -0.9065), vec3(0.1387, 0.3987, -0.9065), vec3(0.1387, 0.3987, -0.9065), vec3(0.016, 0.3485, -0.9372), vec3(0.016, 0.3485, -0.9372), 
	vec3(0.016, 0.3485, -0.9372), vec3(-0.1323, 0.4399, -0.8883), vec3(-0.1323, 0.4399, -0.8883), vec3(-0.1323, 0.4399, -0.8883), vec3(-0.2882, 0.3611, -0.8869), 
	vec3(-0.2882, 0.3611, -0.8869), vec3(-0.2882, 0.3611, -0.8869), vec3(-0.4151, 0.4399, -0.7964), vec3(-0.4151, 0.4399, -0.7964), vec3(-0.4151, 0.4399, -0.7964), 
	vec3(-0.5638, 0.3485, -0.7488), vec3(-0.5638, 0.3485, -0.7488), vec3(-0.5638, 0.3485, -0.7488), vec3(-0.6451, 0.3987, -0.6519), vec3(-0.6451, 0.3987, -0.6519), 
	vec3(-0.6451, 0.3987, -0.6519), vec3(-0.7711, 0.3024, -0.5603), vec3(-0.7711, 0.3024, -0.5603), vec3(-0.7711, 0.3024, -0.5603), vec3(-0.8193, 0.3987, -0.4121), 
	vec3(-0.8193, 0.3987, -0.4121), vec3(-0.8193, 0.3987, -0.4121), vec3(-0.8864, 0.3485, -0.3049), vec3(-0.8864, 0.3485, -0.3049), vec3(-0.8864, 0.3485, -0.3049), 
	vec3(-0.8857, 0.4399, -0.1487), vec3(-0.8857, 0.4399, -0.1487), vec3(-0.8857, 0.4399, -0.1487), vec3(-0.9325, 0.3611, 0), vec3(-0.9325, 0.3611, 0), 
	vec3(-0.9325, 0.3611, 0), vec3(-0.8857, 0.4399, 0.1487), vec3(-0.8857, 0.4399, 0.1487), vec3(-0.8857, 0.4399, 0.1487), vec3(-0.8864, 0.3485, 0.3049), 
	vec3(-0.8864, 0.3485, 0.3049), vec3(-0.8864, 0.3485, 0.3049), vec3(-0.8193, 0.3987, 0.4121), vec3(-0.8193, 0.3987, 0.4121), vec3(-0.8193, 0.3987, 0.4121), 
	vec3(-0.7711, 0.3024, 0.5603), vec3(-0.7711, 0.3024, 0.5603), vec3(-0.7711, 0.3024, 0.5603), vec3(-0.6451, 0.3987, 0.6519), vec3(-0.6451, 0.3987, 0.6519), 
	vec3(-0.6451, 0.3987, 0.6519), vec3(-0.5638, 0.3485, 0.7488), vec3(-0.5638, 0.3485, 0.7488), vec3(-0.5638, 0.3485, 0.7488), vec3(-0.4151, 0.4399, 0.7964), 
	vec3(-0.4151, 0.4399, 0.7964), vec3(-0.4151, 0.4399, 0.7964), vec3(-0.2882, 0.3611, 0.8869), vec3(-0.2882, 0.3611, 0.8869), vec3(-0.2882, 0.3611, 0.8869), 
	vec3(-0.1323, 0.4399, 0.8883), vec3(-0.1323, 0.4399, 0.8883), vec3(-0.1323, 0.4399, 0.8883), vec3(0.016, 0.3485, 0.9372), vec3(0.016, 0.3485, 0.9372), 
	vec3(0.016, 0.3485, 0.9372), vec3(0.1387, 0.3987, 0.9065), vec3(0.1387, 0.3987, 0.9065), vec3(0.1387, 0.3987, 0.9065), vec3(0.2945, 0.3024, 0.9065), 
	vec3(0.2945, 0.3024, 0.9065), vec3(0.2945, 0.3024, 0.9065), vec3(0.4206, 0.3987, 0.8149), vec3(0.4206, 0.3987, 0.8149), vec3(0.4206, 0.3987, 0.8149), 
	vec3(0.5379, 0.3485, 0.7676), vec3(0.5379, 0.3485, 0.7676), vec3(0.5379, 0.3485, 0.7676), vec3(0.6291, 0.4399, 0.6409), vec3(0.6291, 0.4399, 0.6409), 
	vec3(0.6291, 0.4399, 0.6409), vec3(0.7544, 0.3611, 0.5481), vec3(0.7544, 0.3611, 0.5481), vec3(0.7544, 0.3611, 0.5481), vec3(0.8039, 0.4399, 0.4003), 
	vec3(0.8039, 0.4399, 0.4003), vec3(0.8039, 0.4399, 0.4003), vec3(0.8963, 0.3485, 0.2744), vec3(0.8963, 0.3485, 0.2744), vec3(0.8963, 0.3485, 0.2744), 
	vec3(0.905, 0.3987, 0.1482), vec3(0.905, 0.3987, 0.1482), vec3(0.905, 0.3987, 0.1482), vec3(0.9532, 0.3024, 0), vec3(0.9532, 0.3024, 0), 
	vec3(0.9532, 0.3024, 0), vec3(0.905, 0.3987, -0.1482), vec3(0.905, 0.3987, -0.1482), vec3(0.905, 0.3987, -0.1482), vec3(0.8963, 0.3485, -0.2743), 
	vec3(0.8963, 0.3485, -0.2743), vec3(0.8963, 0.3485, -0.2743), vec3(0.8039, 0.4399, -0.4003), vec3(0.8039, 0.4399, -0.4003), vec3(0.8039, 0.4399, -0.4003), 
	vec3(0.7947, 0.1876, -0.5773), vec3(0.7947, 0.1876, -0.5773), vec3(0.7947, 0.1876, -0.5773), vec3(0.7038, 0.0962, -0.7038), vec3(0.7038, 0.0962, -0.7038), 
	vec3(0.7038, 0.0962, -0.7038), vec3(0.5785, 0.1745, -0.7968), vec3(0.5785, 0.1745, -0.7968), vec3(0.5785, 0.1745, -0.7968), vec3(0.4526, 0.0784, -0.8883), 
	vec3(0.4526, 0.0784, -0.8883), vec3(0.4526, 0.0784, -0.8883), vec3(0.3045, 0.1702, -0.9372), vec3(0.3045, 0.1702, -0.9372), vec3(0.3045, 0.1702, -0.9372), 
	vec3(0.156, 0.0784, -0.9846), vec3(0.156, 0.0784, -0.9846), vec3(0.156, 0.0784, -0.9846), vec3(0.000399999, 0.1745, -0.9846), vec3(0.000399999, 0.1745, -0.9846), 
	vec3(0.000399999, 0.1745, -0.9846), vec3(-0.1557, 0.0962, -0.9831), vec3(-0.1557, 0.0962, -0.9831), vec3(-0.1557, 0.0962, -0.9831), vec3(-0.3035, 0.1876, -0.9342), 
	vec3(-0.3035, 0.1876, -0.9342), vec3(-0.3035, 0.1876, -0.9342), vec3(-0.4519, 0.0962, -0.8869), vec3(-0.4519, 0.0962, -0.8869), vec3(-0.4519, 0.0962, -0.8869), 
	vec3(-0.5791, 0.1745, -0.7964), vec3(-0.5791, 0.1745, -0.7964), vec3(-0.5791, 0.1745, -0.7964), vec3(-0.7049, 0.0784, -0.7049), vec3(-0.7049, 0.0784, -0.7049), 
	vec3(-0.7049, 0.0784, -0.7049), vec3(-0.7972, 0.1702, -0.5792), vec3(-0.7972, 0.1702, -0.5792), vec3(-0.7972, 0.1702, -0.5792), vec3(-0.8883, 0.0784, -0.4526), 
	vec3(-0.8883, 0.0784, -0.4526), vec3(-0.8883, 0.0784, -0.4526), vec3(-0.9363, 0.1745, -0.3046), vec3(-0.9363, 0.1745, -0.3046), vec3(-0.9363, 0.1745, -0.3046), 
	vec3(-0.9831, 0.0962, -0.1557), vec3(-0.9831, 0.0962, -0.1557), vec3(-0.9831, 0.0962, -0.1557), vec3(-0.9822, 0.1876, 0), vec3(-0.9822, 0.1876, 0), 
	vec3(-0.9822, 0.1876, 0), vec3(-0.9831, 0.0962, 0.1557), vec3(-0.9831, 0.0962, 0.1557), vec3(-0.9831, 0.0962, 0.1557), vec3(-0.9363, 0.1745, 0.3046), 
	vec3(-0.9363, 0.1745, 0.3046), vec3(-0.9363, 0.1745, 0.3046), vec3(-0.8883, 0.0784, 0.4526), vec3(-0.8883, 0.0784, 0.4526), vec3(-0.8883, 0.0784, 0.4526), 
	vec3(-0.7972, 0.1702, 0.5792), vec3(-0.7972, 0.1702, 0.5792), vec3(-0.7972, 0.1702, 0.5792), vec3(-0.7049, 0.0784, 0.7049), vec3(-0.7049, 0.0784, 0.7049), 
	vec3(-0.7049, 0.0784, 0.7049), vec3(-0.5791, 0.1745, 0.7964), vec3(-0.5791, 0.1745, 0.7964), vec3(-0.5791, 0.1745, 0.7964), vec3(-0.4519, 0.0962, 0.8869), 
	vec3(-0.4519, 0.0962, 0.8869), vec3(-0.4519, 0.0962, 0.8869), vec3(-0.3035, 0.1876, 0.9342), vec3(-0.3035, 0.1876, 0.9342), vec3(-0.3035, 0.1876, 0.9342), 
	vec3(-0.1557, 0.0962, 0.9831), vec3(-0.1557, 0.0962, 0.9831), vec3(-0.1557, 0.0962, 0.9831), vec3(0.000399999, 0.1745, 0.9846), vec3(0.000399999, 0.1745, 0.9846), 
	vec3(0.000399999, 0.1745, 0.9846), vec3(0.156, 0.0784, 0.9846), vec3(0.156, 0.0784, 0.9846), vec3(0.156, 0.0784, 0.9846), vec3(0.3045, 0.1702, 0.9372), 
	vec3(0.3045, 0.1702, 0.9372), vec3(0.3045, 0.1702, 0.9372), vec3(0.4526, 0.0784, 0.8883), vec3(0.4526, 0.0784, 0.8883), vec3(0.4526, 0.0784, 0.8883), 
	vec3(0.5785, 0.1745, 0.7968), vec3(0.5785, 0.1745, 0.7968), vec3(0.5785, 0.1745, 0.7968), vec3(0.7038, 0.0962, 0.7038), vec3(0.7038, 0.0962, 0.7038), 
	vec3(0.7038, 0.0962, 0.7038), vec3(0.7947, 0.1876, 0.5773), vec3(0.7947, 0.1876, 0.5773), vec3(0.7947, 0.1876, 0.5773), vec3(0.8869, 0.0962, 0.4519), 
	vec3(0.8869, 0.0962, 0.4519), vec3(0.8869, 0.0962, 0.4519), vec3(0.9366, 0.1745, 0.3039), vec3(0.9366, 0.1745, 0.3039), vec3(0.9366, 0.1745, 0.3039), 
	vec3(0.9846, 0.0784, 0.156), vec3(0.9846, 0.0784, 0.156), vec3(0.9846, 0.0784, 0.156), vec3(0.9854, 0.1702, 0), vec3(0.9854, 0.1702, 0), 
	vec3(0.9854, 0.1702, 0), vec3(0.9846, 0.0784, -0.156), vec3(0.9846, 0.0784, -0.156), vec3(0.9846, 0.0784, -0.156), vec3(0.9366, 0.1745, -0.3039), 
	vec3(0.9366, 0.1745, -0.3039), vec3(0.9366, 0.1745, -0.3039), vec3(0.8869, 0.0962, -0.4519), vec3(0.8869, 0.0962, -0.4519), vec3(0.8869, 0.0962, -0.4519) ];

static immutable vec2[] IcoSphere3_TextCoords = [ vec2(0.330208, 0.895139), vec2(0.234722, 0.941319), vec2(0.330208, 0.941319), vec2(0.901389, 0.663542), vec2(0.996875, 0.617361), 
	vec2(0.996875, 0.663542), vec2(0.669792, 0.99375), vec2(0.765278, 0.947569), vec2(0.669792, 0.947569), vec2(0.892014, 0.660417), 
	vec2(0.9875, 0.614236), vec2(0.892014, 0.614236), vec2(0.320833, 0.892014), vec2(0.225347, 0.938194), vec2(0.225347, 0.892014), 
	vec2(0.790278, 0.607986), vec2(0.885764, 0.607986), vec2(0.885764, 0.561806), vec2(0.790278, 0.663542), vec2(0.885764, 0.617361), 
	vec2(0.885764, 0.663542), vec2(0.996875, 0.50625), vec2(0.901389, 0.552431), vec2(0.996875, 0.552431), vec2(0.107986, 0.950694), 
	vec2(0.107986, 0.996875), vec2(0.0125, 0.996875), vec2(0.123611, 0.996875), vec2(0.219097, 0.950694), vec2(0.219097, 0.996875), 
	vec2(0.996875, 0.839583), vec2(0.901389, 0.885764), vec2(0.996875, 0.885764), vec2(0.996875, 0.672917), vec2(0.996875, 0.719097), 
	vec2(0.901389, 0.719097), vec2(0.9875, 0.836458), vec2(0.892014, 0.882639), vec2(0.892014, 0.836458), vec2(0.114236, 0.99375), 
	vec2(0.209722, 0.947569), vec2(0.114236, 0.947569), vec2(0.0986111, 0.947569), vec2(0.003125, 0.947569), vec2(0.003125, 0.99375), 
	vec2(0.9875, 0.503125), vec2(0.892014, 0.549306), vec2(0.892014, 0.503125), vec2(0.780903, 0.660417), vec2(0.876389, 0.614236), 
	vec2(0.780903, 0.614236), vec2(0.780903, 0.604861), vec2(0.780903, 0.558681), vec2(0.876389, 0.558681), vec2(0.0986111, 0.892014), 
	vec2(0.003125, 0.938194), vec2(0.003125, 0.892014), vec2(0.107986, 0.895139), vec2(0.0125, 0.941319), vec2(0.107986, 0.941319), 
	vec2(0.663542, 0.950694), vec2(0.568056, 0.996875), vec2(0.663542, 0.996875), vec2(0.790278, 0.552431), vec2(0.885764, 0.50625), 
	vec2(0.885764, 0.552431), vec2(0.123611, 0.941319), vec2(0.219097, 0.941319), vec2(0.219097, 0.895139), vec2(0.885764, 0.830208), 
	vec2(0.790278, 0.830208), vec2(0.885764, 0.784028), vec2(0.774653, 0.941319), vec2(0.774653, 0.895139), vec2(0.679167, 0.941319), 
	vec2(0.885764, 0.885764), vec2(0.790278, 0.885764), vec2(0.885764, 0.839583), vec2(0.790278, 0.941319), vec2(0.885764, 0.895139), 
	vec2(0.885764, 0.941319), vec2(0.901389, 0.607986), vec2(0.996875, 0.607986), vec2(0.996875, 0.561806), vec2(0.996875, 0.774653), 
	vec2(0.901389, 0.774653), vec2(0.996875, 0.728472), vec2(0.996875, 0.830208), vec2(0.996875, 0.784028), vec2(0.901389, 0.830208), 
	vec2(0.654167, 0.947569), vec2(0.558681, 0.947569), vec2(0.558681, 0.99375), vec2(0.9875, 0.780903), vec2(0.892014, 0.827083), 
	vec2(0.892014, 0.780903), vec2(0.9875, 0.725347), vec2(0.892014, 0.725347), vec2(0.892014, 0.771528), vec2(0.892014, 0.558681), 
	vec2(0.9875, 0.558681), vec2(0.892014, 0.604861), vec2(0.780903, 0.892014), vec2(0.780903, 0.938194), vec2(0.876389, 0.892014), 
	vec2(0.876389, 0.836458), vec2(0.780903, 0.836458), vec2(0.780903, 0.882639), vec2(0.765278, 0.892014), vec2(0.669792, 0.938194), 
	vec2(0.669792, 0.892014), vec2(0.876389, 0.780903), vec2(0.780903, 0.780903), vec2(0.780903, 0.827083), vec2(0.114236, 0.892014), 
	vec2(0.209722, 0.892014), vec2(0.114236, 0.938194), vec2(0.780903, 0.503125), vec2(0.780903, 0.549306), vec2(0.876389, 0.503125), 
	vec2(0.679167, 0.607986), vec2(0.774653, 0.561806), vec2(0.774653, 0.607986), vec2(0.669792, 0.882639), vec2(0.765278, 0.836458), 
	vec2(0.669792, 0.836458), vec2(0.654167, 0.836458), vec2(0.558681, 0.836458), vec2(0.558681, 0.882639), vec2(0.663542, 0.885764), 
	vec2(0.568056, 0.885764), vec2(0.663542, 0.839583), vec2(0.774653, 0.885764), vec2(0.679167, 0.885764), vec2(0.774653, 0.839583), 
	vec2(0.679167, 0.719097), vec2(0.774653, 0.719097), vec2(0.774653, 0.672917), vec2(0.441319, 0.839583), vec2(0.441319, 0.885764), 
	vec2(0.345833, 0.885764), vec2(0.774653, 0.830208), vec2(0.679167, 0.830208), vec2(0.774653, 0.784028), vec2(0.780903, 0.99375), 
	vec2(0.780903, 0.947569), vec2(0.876389, 0.947569), vec2(0.441319, 0.941319), vec2(0.345833, 0.941319), vec2(0.441319, 0.895139), 
	vec2(0.790278, 0.719097), vec2(0.885764, 0.672917), vec2(0.885764, 0.719097), vec2(0.885764, 0.774653), vec2(0.885764, 0.728472), 
	vec2(0.790278, 0.774653), vec2(0.552431, 0.950694), vec2(0.552431, 0.996875), vec2(0.456944, 0.996875), vec2(0.552431, 0.895139), 
	vec2(0.552431, 0.941319), vec2(0.456944, 0.941319), vec2(0.774653, 0.774653), vec2(0.774653, 0.728472), vec2(0.679167, 0.774653), 
	vec2(0.9875, 0.892014), vec2(0.892014, 0.892014), vec2(0.892014, 0.938194), vec2(0.330208, 0.996875), vec2(0.234722, 0.996875), 
	vec2(0.330208, 0.950694), vec2(0.568056, 0.941319), vec2(0.663542, 0.895139), vec2(0.663542, 0.941319), vec2(0.441319, 0.996875), 
	vec2(0.441319, 0.950694), vec2(0.345833, 0.996875), vec2(0.543056, 0.947569), vec2(0.447569, 0.947569), vec2(0.447569, 0.99375), 
	vec2(0.336458, 0.99375), vec2(0.336458, 0.947569), vec2(0.431944, 0.947569), vec2(0.892014, 0.669792), vec2(0.892014, 0.715972), 
	vec2(0.9875, 0.669792), vec2(0.320833, 0.947569), vec2(0.225347, 0.947569), vec2(0.225347, 0.99375), vec2(0.996875, 0.941319), 
	vec2(0.901389, 0.941319), vec2(0.996875, 0.895139), vec2(0.654167, 0.892014), vec2(0.558681, 0.938194), vec2(0.558681, 0.892014), 
	vec2(0.447569, 0.892014), vec2(0.447569, 0.938194), vec2(0.543056, 0.892014), vec2(0.0125, 0.885764), vec2(0.107986, 0.885764), 
	vec2(0.107986, 0.839583), vec2(0.780903, 0.771528), vec2(0.780903, 0.725347), vec2(0.876389, 0.725347), vec2(0.780903, 0.669792), 
	vec2(0.780903, 0.715972), vec2(0.876389, 0.669792), vec2(0.431944, 0.892014), vec2(0.336458, 0.892014), vec2(0.336458, 0.938194), 
	vec2(0.885764, 0.996875), vec2(0.885764, 0.950694), vec2(0.790278, 0.996875), vec2(0.669792, 0.827083), vec2(0.765278, 0.780903), 
	vec2(0.669792, 0.780903), vec2(0.330208, 0.719097), vec2(0.330208, 0.672917), vec2(0.234722, 0.719097), vec2(0.219097, 0.839583), 
	vec2(0.219097, 0.885764), vec2(0.123611, 0.885764), vec2(0.447569, 0.882639), vec2(0.447569, 0.836458), vec2(0.543056, 0.836458), 
	vec2(0.669792, 0.725347), vec2(0.669792, 0.771528), vec2(0.765278, 0.725347), vec2(0.123611, 0.552431), vec2(0.219097, 0.552431), 
	vec2(0.219097, 0.50625), vec2(0.774653, 0.996875), vec2(0.679167, 0.996875), vec2(0.774653, 0.950694), vec2(0.0125, 0.607986), 
	vec2(0.107986, 0.561806), vec2(0.107986, 0.607986), vec2(0.552431, 0.885764), vec2(0.552431, 0.839583), vec2(0.456944, 0.885764), 
	vec2(0.441319, 0.617361), vec2(0.345833, 0.663542), vec2(0.441319, 0.663542), vec2(0.219097, 0.728472), vec2(0.123611, 0.774653), 
	vec2(0.219097, 0.774653), vec2(0.330208, 0.774653), vec2(0.234722, 0.774653), vec2(0.330208, 0.728472), vec2(0.456944, 0.719097), 
	vec2(0.552431, 0.672917), vec2(0.552431, 0.719097), vec2(0.330208, 0.561806), vec2(0.234722, 0.607986), vec2(0.330208, 0.607986), 
	vec2(0.441319, 0.774653), vec2(0.441319, 0.728472), vec2(0.345833, 0.774653), vec2(0.765278, 0.614236), vec2(0.669792, 0.614236), 
	vec2(0.669792, 0.660417), vec2(0.225347, 0.836458), vec2(0.320833, 0.836458), vec2(0.225347, 0.882639), vec2(0.114236, 0.882639), 
	vec2(0.209722, 0.836458), vec2(0.114236, 0.836458), vec2(0.219097, 0.784028), vec2(0.123611, 0.830208), vec2(0.219097, 0.830208), 
	vec2(0.330208, 0.830208), vec2(0.234722, 0.830208), vec2(0.330208, 0.784028), vec2(0.345833, 0.830208), vec2(0.441319, 0.784028), 
	vec2(0.441319, 0.830208), vec2(0.441319, 0.50625), vec2(0.345833, 0.552431), vec2(0.441319, 0.552431), vec2(0.663542, 0.719097), 
	vec2(0.663542, 0.672917), vec2(0.568056, 0.719097), vec2(0.456944, 0.830208), vec2(0.552431, 0.830208), vec2(0.552431, 0.784028), 
	vec2(0.774653, 0.552431), vec2(0.679167, 0.552431), vec2(0.774653, 0.50625), vec2(0.003125, 0.882639), vec2(0.0986111, 0.836458), 
	vec2(0.003125, 0.836458), vec2(0.669792, 0.549306), vec2(0.765278, 0.503125), vec2(0.669792, 0.503125), vec2(0.447569, 0.780903), 
	vec2(0.543056, 0.780903), vec2(0.447569, 0.827083), vec2(0.654167, 0.669792), vec2(0.558681, 0.715972), vec2(0.558681, 0.669792), 
	vec2(0.431944, 0.503125), vec2(0.336458, 0.549306), vec2(0.336458, 0.503125), vec2(0.336458, 0.780903), vec2(0.336458, 0.827083), 
	vec2(0.431944, 0.780903), vec2(0.320833, 0.780903), vec2(0.225347, 0.780903), vec2(0.225347, 0.827083), vec2(0.114236, 0.780903), 
	vec2(0.209722, 0.780903), vec2(0.114236, 0.827083), vec2(0.0125, 0.774653), vec2(0.107986, 0.728472), vec2(0.107986, 0.774653), 
	vec2(0.441319, 0.672917), vec2(0.345833, 0.719097), vec2(0.441319, 0.719097), vec2(0.441319, 0.607986), vec2(0.345833, 0.607986), 
	vec2(0.441319, 0.561806), vec2(0.431944, 0.725347), vec2(0.336458, 0.771528), vec2(0.336458, 0.725347), vec2(0.320833, 0.558681), 
	vec2(0.225347, 0.604861), vec2(0.225347, 0.558681), vec2(0.447569, 0.669792), vec2(0.447569, 0.715972), vec2(0.543056, 0.669792), 
	vec2(0.320833, 0.725347), vec2(0.225347, 0.725347), vec2(0.225347, 0.771528), vec2(0.114236, 0.725347), vec2(0.209722, 0.725347), 
	vec2(0.114236, 0.771528), vec2(0.0986111, 0.725347), vec2(0.003125, 0.771528), vec2(0.003125, 0.725347), vec2(0.336458, 0.715972), 
	vec2(0.431944, 0.669792), vec2(0.336458, 0.669792), vec2(0.336458, 0.558681), vec2(0.431944, 0.558681), vec2(0.336458, 0.604861), 
	vec2(0.209722, 0.669792), vec2(0.114236, 0.715972), vec2(0.114236, 0.669792), vec2(0.114236, 0.549306), vec2(0.209722, 0.503125), 
	vec2(0.114236, 0.503125), vec2(0.219097, 0.719097), vec2(0.219097, 0.672917), vec2(0.123611, 0.719097), vec2(0.679167, 0.663542), 
	vec2(0.774653, 0.663542), vec2(0.774653, 0.617361), vec2(0.330208, 0.885764), vec2(0.234722, 0.885764), vec2(0.330208, 0.839583), 
	vec2(0.552431, 0.552431), vec2(0.552431, 0.50625), vec2(0.456944, 0.552431), vec2(0.765278, 0.669792), vec2(0.669792, 0.669792), 
	vec2(0.669792, 0.715972), vec2(0.456944, 0.663542), vec2(0.552431, 0.617361), vec2(0.552431, 0.663542), vec2(0.219097, 0.561806), 
	vec2(0.123611, 0.607986), vec2(0.219097, 0.607986), vec2(0.0125, 0.663542), vec2(0.107986, 0.663542), vec2(0.107986, 0.617361), 
	vec2(0.234722, 0.552431), vec2(0.330208, 0.50625), vec2(0.330208, 0.552431), vec2(0.552431, 0.774653), vec2(0.552431, 0.728472), 
	vec2(0.456944, 0.774653), vec2(0.663542, 0.552431), vec2(0.568056, 0.552431), vec2(0.663542, 0.50625), vec2(0.107986, 0.830208), 
	vec2(0.107986, 0.784028), vec2(0.0125, 0.830208), vec2(0.456944, 0.607986), vec2(0.552431, 0.607986), vec2(0.552431, 0.561806), 
	vec2(0.568056, 0.663542), vec2(0.663542, 0.617361), vec2(0.663542, 0.663542), vec2(0.219097, 0.617361), vec2(0.123611, 0.663542), 
	vec2(0.219097, 0.663542), vec2(0.234722, 0.663542), vec2(0.330208, 0.663542), vec2(0.330208, 0.617361), vec2(0.0125, 0.719097), 
	vec2(0.107986, 0.672917), vec2(0.107986, 0.719097), vec2(0.663542, 0.774653), vec2(0.663542, 0.728472), vec2(0.568056, 0.774653), 
	vec2(0.663542, 0.830208), vec2(0.568056, 0.830208), vec2(0.663542, 0.784028), vec2(0.669792, 0.558681), vec2(0.669792, 0.604861), 
	vec2(0.765278, 0.558681), vec2(0.654167, 0.780903), vec2(0.558681, 0.780903), vec2(0.558681, 0.827083), vec2(0.654167, 0.725347), 
	vec2(0.558681, 0.771528), vec2(0.558681, 0.725347), vec2(0.003125, 0.715972), vec2(0.0986111, 0.669792), vec2(0.003125, 0.669792), 
	vec2(0.225347, 0.660417), vec2(0.225347, 0.614236), vec2(0.320833, 0.614236), vec2(0.209722, 0.614236), vec2(0.114236, 0.660417), 
	vec2(0.114236, 0.614236), vec2(0.558681, 0.614236), vec2(0.558681, 0.660417), vec2(0.654167, 0.614236), vec2(0.558681, 0.558681), 
	vec2(0.654167, 0.558681), vec2(0.558681, 0.604861), vec2(0.0986111, 0.780903), vec2(0.003125, 0.827083), vec2(0.003125, 0.780903), 
	vec2(0.654167, 0.503125), vec2(0.558681, 0.503125), vec2(0.558681, 0.549306), vec2(0.543056, 0.725347), vec2(0.447569, 0.771528), 
	vec2(0.447569, 0.725347), vec2(0.225347, 0.549306), vec2(0.320833, 0.503125), vec2(0.225347, 0.503125), vec2(0.003125, 0.660417), 
	vec2(0.003125, 0.614236), vec2(0.0986111, 0.614236), vec2(0.209722, 0.558681), vec2(0.114236, 0.604861), vec2(0.114236, 0.558681), 
	vec2(0.447569, 0.614236), vec2(0.447569, 0.660417), vec2(0.543056, 0.614236), vec2(0.447569, 0.558681), vec2(0.543056, 0.558681), 
	vec2(0.447569, 0.604861), vec2(0.543056, 0.503125), vec2(0.447569, 0.549306), vec2(0.447569, 0.503125), vec2(0.431944, 0.614236), 
	vec2(0.336458, 0.614236), vec2(0.336458, 0.660417), vec2(0.320833, 0.669792), vec2(0.225347, 0.715972), vec2(0.225347, 0.669792), 
	vec2(0.107986, 0.50625), vec2(0.0125, 0.552431), vec2(0.107986, 0.552431), vec2(0.0986111, 0.558681), vec2(0.003125, 0.558681), 
	vec2(0.003125, 0.604861), vec2(0.0986111, 0.503125), vec2(0.003125, 0.549306), vec2(0.003125, 0.503125), vec2(0.336458, 0.836458), 
	vec2(0.336458, 0.882639), vec2(0.431944, 0.836458), vec2(0.663542, 0.607986), vec2(0.568056, 0.607986), vec2(0.663542, 0.561806) ];

static immutable vec2[] IcoSphere3_TextCoords_Offset = [vec2(0.331566, 0.893907), vec2(0.23226, 0.941935), vec2(0.331566, 0.941935), vec2(0.898926, 0.664158), vec2(0.998231, 0.61613), 
	vec2(0.998231, 0.664158), vec2(0.668434, 0.994981), vec2(0.76774, 0.946954), vec2(0.668434, 0.946954), vec2(0.890657, 0.661649), 
	vec2(0.989963, 0.613621), vec2(0.890657, 0.613621), vec2(0.323297, 0.891398), vec2(0.223992, 0.939426), vec2(0.223992, 0.891398), 
	vec2(0.787814, 0.608602), vec2(0.88712, 0.608602), vec2(0.88712, 0.560574), vec2(0.787814, 0.664158), vec2(0.88712, 0.61613), 
	vec2(0.88712, 0.664158), vec2(0.998231, 0.505019), vec2(0.898926, 0.553046), vec2(0.998231, 0.553046), vec2(0.109343, 0.949463), 
	vec2(0.109343, 0.997491), vec2(0.0100373, 0.997491), vec2(0.121149, 0.997491), vec2(0.220454, 0.949463), vec2(0.220454, 0.997491), 
	vec2(0.998231, 0.838351), vec2(0.898926, 0.886379), vec2(0.998231, 0.886379), vec2(0.998231, 0.671686), vec2(0.998231, 0.719714), 
	vec2(0.898926, 0.719714), vec2(0.989963, 0.835842), vec2(0.890657, 0.88387), vec2(0.890657, 0.835842), vec2(0.11288, 0.994981), 
	vec2(0.212186, 0.946954), vec2(0.11288, 0.946954), vec2(0.101074, 0.946954), vec2(0.00176866, 0.946954), vec2(0.00176866, 0.994981), 
	vec2(0.989963, 0.502509), vec2(0.890657, 0.550537), vec2(0.890657, 0.502509), vec2(0.779546, 0.661649), vec2(0.878851, 0.613621), 
	vec2(0.779546, 0.613621), vec2(0.779546, 0.606093), vec2(0.779546, 0.558065), vec2(0.878851, 0.558065), vec2(0.101074, 0.891398), 
	vec2(0.00176866, 0.939426), vec2(0.00176866, 0.891398), vec2(0.109343, 0.893907), vec2(0.0100373, 0.941935), vec2(0.109343, 0.941935), 
	vec2(0.664897, 0.949463), vec2(0.565591, 0.997491), vec2(0.664897, 0.997491), vec2(0.787814, 0.553046), vec2(0.88712, 0.505019), 
	vec2(0.88712, 0.553046), vec2(0.121149, 0.941935), vec2(0.220454, 0.941935), vec2(0.220454, 0.893907), vec2(0.88712, 0.830823), 
	vec2(0.787814, 0.830823), vec2(0.88712, 0.782796), vec2(0.776008, 0.941935), vec2(0.776008, 0.893907), vec2(0.676703, 0.941935), 
	vec2(0.88712, 0.886379), vec2(0.787814, 0.886379), vec2(0.88712, 0.838351), vec2(0.787814, 0.941935), vec2(0.88712, 0.893907), 
	vec2(0.88712, 0.941935), vec2(0.898926, 0.608602), vec2(0.998231, 0.608602), vec2(0.998231, 0.560574), vec2(0.998231, 0.775268), 
	vec2(0.898926, 0.775268), vec2(0.998231, 0.72724), vec2(0.998231, 0.830823), vec2(0.998231, 0.782796), vec2(0.898926, 0.830823), 
	vec2(0.656628, 0.946954), vec2(0.557322, 0.946954), vec2(0.557322, 0.994981), vec2(0.989963, 0.780286), vec2(0.890657, 0.828314), 
	vec2(0.890657, 0.780286), vec2(0.989963, 0.724732), vec2(0.890657, 0.724732), vec2(0.890657, 0.77276), vec2(0.890657, 0.558065), 
	vec2(0.989963, 0.558065), vec2(0.890657, 0.606093), vec2(0.779546, 0.891398), vec2(0.779546, 0.939426), vec2(0.878851, 0.891398), 
	vec2(0.878851, 0.835842), vec2(0.779546, 0.835842), vec2(0.779546, 0.88387), vec2(0.76774, 0.891398), vec2(0.668434, 0.939426), 
	vec2(0.668434, 0.891398), vec2(0.878851, 0.780286), vec2(0.779546, 0.780286), vec2(0.779546, 0.828314), vec2(0.11288, 0.891398), 
	vec2(0.212186, 0.891398), vec2(0.11288, 0.939426), vec2(0.779546, 0.502509), vec2(0.779546, 0.550537), vec2(0.878851, 0.502509), 
	vec2(0.676703, 0.608602), vec2(0.776008, 0.560574), vec2(0.776008, 0.608602), vec2(0.668434, 0.88387), vec2(0.76774, 0.835842), 
	vec2(0.668434, 0.835842), vec2(0.656628, 0.835842), vec2(0.557322, 0.835842), vec2(0.557322, 0.88387), vec2(0.664897, 0.886379), 
	vec2(0.565591, 0.886379), vec2(0.664897, 0.838351), vec2(0.776008, 0.886379), vec2(0.676703, 0.886379), vec2(0.776008, 0.838351), 
	vec2(0.676703, 0.719714), vec2(0.776008, 0.719714), vec2(0.776008, 0.671686), vec2(0.442678, 0.838351), vec2(0.442678, 0.886379), 
	vec2(0.343372, 0.886379), vec2(0.776008, 0.830823), vec2(0.676703, 0.830823), vec2(0.776008, 0.782796), vec2(0.779546, 0.994981), 
	vec2(0.779546, 0.946954), vec2(0.878851, 0.946954), vec2(0.442678, 0.941935), vec2(0.343372, 0.941935), vec2(0.442678, 0.893907), 
	vec2(0.787814, 0.719714), vec2(0.88712, 0.671686), vec2(0.88712, 0.719714), vec2(0.88712, 0.775268), vec2(0.88712, 0.72724), 
	vec2(0.787814, 0.775268), vec2(0.553786, 0.949463), vec2(0.553786, 0.997491), vec2(0.454481, 0.997491), vec2(0.553786, 0.893907), 
	vec2(0.553786, 0.941935), vec2(0.454481, 0.941935), vec2(0.776008, 0.775268), vec2(0.776008, 0.72724), vec2(0.676703, 0.775268), 
	vec2(0.989963, 0.891398), vec2(0.890657, 0.891398), vec2(0.890657, 0.939426), vec2(0.331566, 0.997491), vec2(0.23226, 0.997491), 
	vec2(0.331566, 0.949463), vec2(0.565591, 0.941935), vec2(0.664897, 0.893907), vec2(0.664897, 0.941935), vec2(0.442678, 0.997491), 
	vec2(0.442678, 0.949463), vec2(0.343372, 0.997491), vec2(0.545519, 0.946954), vec2(0.446214, 0.946954), vec2(0.446214, 0.994981), 
	vec2(0.335103, 0.994981), vec2(0.335103, 0.946954), vec2(0.434409, 0.946954), vec2(0.890657, 0.669177), vec2(0.890657, 0.717204), 
	vec2(0.989963, 0.669177), vec2(0.323297, 0.946954), vec2(0.223992, 0.946954), vec2(0.223992, 0.994981), vec2(0.998231, 0.941935), 
	vec2(0.898926, 0.941935), vec2(0.998231, 0.893907), vec2(0.656628, 0.891398), vec2(0.557322, 0.939426), vec2(0.557322, 0.891398), 
	vec2(0.446214, 0.891398), vec2(0.446214, 0.939426), vec2(0.545519, 0.891398), vec2(0.0100373, 0.886379), vec2(0.109343, 0.886379), 
	vec2(0.109343, 0.838351), vec2(0.779546, 0.77276), vec2(0.779546, 0.724732), vec2(0.878851, 0.724732), vec2(0.779546, 0.669177), 
	vec2(0.779546, 0.717204), vec2(0.878851, 0.669177), vec2(0.434409, 0.891398), vec2(0.335103, 0.891398), vec2(0.335103, 0.939426), 
	vec2(0.88712, 0.997491), vec2(0.88712, 0.949463), vec2(0.787814, 0.997491), vec2(0.668434, 0.828314), vec2(0.76774, 0.780286), 
	vec2(0.668434, 0.780286), vec2(0.331566, 0.719714), vec2(0.331566, 0.671686), vec2(0.23226, 0.719714), vec2(0.220454, 0.838351), 
	vec2(0.220454, 0.886379), vec2(0.121149, 0.886379), vec2(0.446214, 0.88387), vec2(0.446214, 0.835842), vec2(0.545519, 0.835842), 
	vec2(0.668434, 0.724732), vec2(0.668434, 0.77276), vec2(0.76774, 0.724732), vec2(0.121149, 0.553046), vec2(0.220454, 0.553046), 
	vec2(0.220454, 0.505019), vec2(0.776008, 0.997491), vec2(0.676703, 0.997491), vec2(0.776008, 0.949463), vec2(0.0100373, 0.608602), 
	vec2(0.109343, 0.560574), vec2(0.109343, 0.608602), vec2(0.553786, 0.886379), vec2(0.553786, 0.838351), vec2(0.454481, 0.886379), 
	vec2(0.442678, 0.61613), vec2(0.343372, 0.664158), vec2(0.442678, 0.664158), vec2(0.220454, 0.72724), vec2(0.121149, 0.775268), 
	vec2(0.220454, 0.775268), vec2(0.331566, 0.775268), vec2(0.23226, 0.775268), vec2(0.331566, 0.72724), vec2(0.454481, 0.719714), 
	vec2(0.553786, 0.671686), vec2(0.553786, 0.719714), vec2(0.331566, 0.560574), vec2(0.23226, 0.608602), vec2(0.331566, 0.608602), 
	vec2(0.442678, 0.775268), vec2(0.442678, 0.72724), vec2(0.343372, 0.775268), vec2(0.76774, 0.613621), vec2(0.668434, 0.613621), 
	vec2(0.668434, 0.661649), vec2(0.223992, 0.835842), vec2(0.323297, 0.835842), vec2(0.223992, 0.88387), vec2(0.11288, 0.88387), 
	vec2(0.212186, 0.835842), vec2(0.11288, 0.835842), vec2(0.220454, 0.782796), vec2(0.121149, 0.830823), vec2(0.220454, 0.830823), 
	vec2(0.331566, 0.830823), vec2(0.23226, 0.830823), vec2(0.331566, 0.782796), vec2(0.343372, 0.830823), vec2(0.442678, 0.782796), 
	vec2(0.442678, 0.830823), vec2(0.442678, 0.505019), vec2(0.343372, 0.553046), vec2(0.442678, 0.553046), vec2(0.664897, 0.719714), 
	vec2(0.664897, 0.671686), vec2(0.565591, 0.719714), vec2(0.454481, 0.830823), vec2(0.553786, 0.830823), vec2(0.553786, 0.782796), 
	vec2(0.776008, 0.553046), vec2(0.676703, 0.553046), vec2(0.776008, 0.505019), vec2(0.00176866, 0.88387), vec2(0.101074, 0.835842), 
	vec2(0.00176866, 0.835842), vec2(0.668434, 0.550537), vec2(0.76774, 0.502509), vec2(0.668434, 0.502509), vec2(0.446214, 0.780286), 
	vec2(0.545519, 0.780286), vec2(0.446214, 0.828314), vec2(0.656628, 0.669177), vec2(0.557322, 0.717204), vec2(0.557322, 0.669177), 
	vec2(0.434409, 0.502509), vec2(0.335103, 0.550537), vec2(0.335103, 0.502509), vec2(0.335103, 0.780286), vec2(0.335103, 0.828314), 
	vec2(0.434409, 0.780286), vec2(0.323297, 0.780286), vec2(0.223992, 0.780286), vec2(0.223992, 0.828314), vec2(0.11288, 0.780286), 
	vec2(0.212186, 0.780286), vec2(0.11288, 0.828314), vec2(0.0100373, 0.775268), vec2(0.109343, 0.72724), vec2(0.109343, 0.775268), 
	vec2(0.442678, 0.671686), vec2(0.343372, 0.719714), vec2(0.442678, 0.719714), vec2(0.442678, 0.608602), vec2(0.343372, 0.608602), 
	vec2(0.442678, 0.560574), vec2(0.434409, 0.724732), vec2(0.335103, 0.77276), vec2(0.335103, 0.724732), vec2(0.323297, 0.558065), 
	vec2(0.223992, 0.606093), vec2(0.223992, 0.558065), vec2(0.446214, 0.669177), vec2(0.446214, 0.717204), vec2(0.545519, 0.669177), 
	vec2(0.323297, 0.724732), vec2(0.223992, 0.724732), vec2(0.223992, 0.77276), vec2(0.11288, 0.724732), vec2(0.212186, 0.724732), 
	vec2(0.11288, 0.77276), vec2(0.101074, 0.724732), vec2(0.00176866, 0.77276), vec2(0.00176866, 0.724732), vec2(0.335103, 0.717204), 
	vec2(0.434409, 0.669177), vec2(0.335103, 0.669177), vec2(0.335103, 0.558065), vec2(0.434409, 0.558065), vec2(0.335103, 0.606093), 
	vec2(0.212186, 0.669177), vec2(0.11288, 0.717204), vec2(0.11288, 0.669177), vec2(0.11288, 0.550537), vec2(0.212186, 0.502509), 
	vec2(0.11288, 0.502509), vec2(0.220454, 0.719714), vec2(0.220454, 0.671686), vec2(0.121149, 0.719714), vec2(0.676703, 0.664158), 
	vec2(0.776008, 0.664158), vec2(0.776008, 0.61613), vec2(0.331566, 0.886379), vec2(0.23226, 0.886379), vec2(0.331566, 0.838351), 
	vec2(0.553786, 0.553046), vec2(0.553786, 0.505019), vec2(0.454481, 0.553046), vec2(0.76774, 0.669177), vec2(0.668434, 0.669177), 
	vec2(0.668434, 0.717204), vec2(0.454481, 0.664158), vec2(0.553786, 0.61613), vec2(0.553786, 0.664158), vec2(0.220454, 0.560574), 
	vec2(0.121149, 0.608602), vec2(0.220454, 0.608602), vec2(0.0100373, 0.664158), vec2(0.109343, 0.664158), vec2(0.109343, 0.61613), 
	vec2(0.23226, 0.553046), vec2(0.331566, 0.505019), vec2(0.331566, 0.553046), vec2(0.553786, 0.775268), vec2(0.553786, 0.72724), 
	vec2(0.454481, 0.775268), vec2(0.664897, 0.553046), vec2(0.565591, 0.553046), vec2(0.664897, 0.505019), vec2(0.109343, 0.830823), 
	vec2(0.109343, 0.782796), vec2(0.0100373, 0.830823), vec2(0.454481, 0.608602), vec2(0.553786, 0.608602), vec2(0.553786, 0.560574), 
	vec2(0.565591, 0.664158), vec2(0.664897, 0.61613), vec2(0.664897, 0.664158), vec2(0.220454, 0.61613), vec2(0.121149, 0.664158), 
	vec2(0.220454, 0.664158), vec2(0.23226, 0.664158), vec2(0.331566, 0.664158), vec2(0.331566, 0.61613), vec2(0.0100373, 0.719714), 
	vec2(0.109343, 0.671686), vec2(0.109343, 0.719714), vec2(0.664897, 0.775268), vec2(0.664897, 0.72724), vec2(0.565591, 0.775268), 
	vec2(0.664897, 0.830823), vec2(0.565591, 0.830823), vec2(0.664897, 0.782796), vec2(0.668434, 0.558065), vec2(0.668434, 0.606093), 
	vec2(0.76774, 0.558065), vec2(0.656628, 0.780286), vec2(0.557322, 0.780286), vec2(0.557322, 0.828314), vec2(0.656628, 0.724732), 
	vec2(0.557322, 0.77276), vec2(0.557322, 0.724732), vec2(0.00176866, 0.717204), vec2(0.101074, 0.669177), vec2(0.00176866, 0.669177), 
	vec2(0.223992, 0.661649), vec2(0.223992, 0.613621), vec2(0.323297, 0.613621), vec2(0.212186, 0.613621), vec2(0.11288, 0.661649), 
	vec2(0.11288, 0.613621), vec2(0.557322, 0.613621), vec2(0.557322, 0.661649), vec2(0.656628, 0.613621), vec2(0.557322, 0.558065), 
	vec2(0.656628, 0.558065), vec2(0.557322, 0.606093), vec2(0.101074, 0.780286), vec2(0.00176866, 0.828314), vec2(0.00176866, 0.780286), 
	vec2(0.656628, 0.502509), vec2(0.557322, 0.502509), vec2(0.557322, 0.550537), vec2(0.545519, 0.724732), vec2(0.446214, 0.77276), 
	vec2(0.446214, 0.724732), vec2(0.223992, 0.550537), vec2(0.323297, 0.502509), vec2(0.223992, 0.502509), vec2(0.00176866, 0.661649), 
	vec2(0.00176866, 0.613621), vec2(0.101074, 0.613621), vec2(0.212186, 0.558065), vec2(0.11288, 0.606093), vec2(0.11288, 0.558065), 
	vec2(0.446214, 0.613621), vec2(0.446214, 0.661649), vec2(0.545519, 0.613621), vec2(0.446214, 0.558065), vec2(0.545519, 0.558065), 
	vec2(0.446214, 0.606093), vec2(0.545519, 0.502509), vec2(0.446214, 0.550537), vec2(0.446214, 0.502509), vec2(0.434409, 0.613621), 
	vec2(0.335103, 0.613621), vec2(0.335103, 0.661649), vec2(0.323297, 0.669177), vec2(0.223992, 0.717204), vec2(0.223992, 0.669177), 
	vec2(0.109343, 0.505019), vec2(0.0100373, 0.553046), vec2(0.109343, 0.553046), vec2(0.101074, 0.558065), vec2(0.00176866, 0.558065), 
	vec2(0.00176866, 0.606093), vec2(0.101074, 0.502509), vec2(0.00176866, 0.550537), vec2(0.00176866, 0.502509), vec2(0.335103, 0.835842), 
	vec2(0.335103, 0.88387), vec2(0.434409, 0.835842), vec2(0.664897, 0.608602), vec2(0.565591, 0.608602), vec2(0.664897, 0.560574) ];

